32
19
37
12
33
42
49
13
38
21
10
7
48
40
23
9
47
17
25
14
24
1
36
50
22
44
14
22
49
34
51
8
35
48
10
11
12
37
37
48
37
38
51
15
38
50
38
46
20
46
30
57
59
65
45
54
53
55
30
47
62
65
62
52
77
60
69
66
72
89
86
67
50
97
76
99
84
116
127
90
84
146
102
146
174
147
127
126
177
149
119
139
117
122
177
136
172
176
212
225
261
220
201
233
304
258
238
221
294
337
236
337
375
294
236
338
253
293
334
389
389
465
388
454
505
576
539
439
686
609
797
830
726
489
1033
570
530
741
530
962
994
546
758
880
1382
842
1218
997
1319
1436
1269
1048
1433
1247
1035
1019
1808
1736
1736
1076
1849
2266
1076
1372
2395
1594
2395
2566
2089
3237
2436
2016
3563
2613
2095
2054
2067
2452
3414
4256
3414
3165
3512
2448
3092
3471
3642
3512
3824
4160
3610
4629
4070
5430
6086
6645
4083
4149
6203
4121
8257
5481
5960
7077
6058
5540
7878
8408
6090
7213
9011
7582
9052
12662
16272
9700
12478
10156
11160
12491
14239
20355
11703
10179
9602
11539
25836
15696
15719
21236
14592
17629
26445
32535
14795
16634
19121
19231
21141
22080
26236
21141
25298
19781
30838
42137
24194
19781
25321
35438
37984
39913
39890
45430
29387
41037
41240
40093
60225
44182
41955
60158
43425
40922
45079
64860
80006
43975
60818
59874
55219
65211
80006
86139
89612
94598
73569
89612
69480
89261
104953
104953
113662
85104
127061
114491
96141
154584
106133
113455
109186
198559
133236
124699
128788
188455
161352
155619
178666
154584
224064
248146
159092
194179
279283
283663
199595
213892
194290
320205
210632
290320
234921
330197
323078
399506
335331
318878
283791
412579
438247
489915
444904
438375
599488
758580
494423
597467
688602
684205
404922
632665
791757
517368
494423
808099
553799
565118
1075548
728695
683297
602669
1359339
1075548
970040
1480470
849826
899345
1163502
1480470
1374962
1133617
958721
1037587
1764261
1442509
1011791
1011791
1532010
1048222
1361898
2085809
1464463
1502014
1678217
2688478
1964567
2292335
2330296
1898048
2747874
2330296
2379815
3251056
2006943
2722982
1970512
2722982
2060013
2060013
3759665
3391606
2060013
3134031
3018734
3447707
4152941
3362511
3562027
3685160
5032079
4645922
5460075
4277863
5657713
5655672
7626184
4693494
5362118
6616434
5104543
4989246
4782995
9686197
5078747
6337876
11746210
7520088
12704931
8050813
10882599
9020224
8822586
9219740
12705384
12328676
13497603
16983247
16606539
10349166
9682740
13913234
11031370
16529205
9772241
13605581
15665594
18696229
11416623
17784131
15358100
18551458
22878188
16873399
26747042
17842810
31700774
22320189
20251110
32002929
20031906
29714646
41685669
27466871
41383514
20714110
23685475
32092430
21188864
25437835
29968081
33736812
38883494
45153435
47058874
45072746
40558874
42311234
58256913
49935240
56726304
65104652
41220770
52034835
60590780
67090780
63025344
72748945
59597604
61272984
65867545
44874339
86293516
88279644
82164139
63704893
80795686
84036929
81779644
101149654
101149654
81779644
108311550
97947074
139167844
93255605
104246114
149532320
105465119
184042183
228916522
104471943
150339458
146023993
190898332
149346282
128911268
202872737
151984537
145484537
144500579
264837869
231125926
220947488
190091194
284652381
175035249
238740142
222166873
377907986
198720724
302966838
335597869
407438781
295370275
303192667
256456480
349858756
331784005
536350049
424281543
385367748
447467417
447693246
494359335
343221303
459687630
397202122
478227916
653263165
518256552
397202122
595922846
534318593
530504729
623002267
606315236
774713032
1031169512
790775073
879458747
641824228
862288734
756065548
939144149
740423425
939144149
1117934335
877539896
1117934335
966223570
1276660869
915458674
1515136457
1039026350
1428371634
993124968
1569531079
1523629697
1408044625
2129944933
1724249571
1397889776
2039714004
1608047798
1382247653
1382247653
1706646995
1496488973
1779449775
2148468050
2917253900
1995474231
2447070975
1881682244
2323503299
2523506472
1908583642
3032838972
2391014744
3384139712
2401169593
4299501553
3421961657
3377721884
3106497224
3829318628
3377721884
4488744877
4759969537
4299501553
3263929897
6256458510
3887503717
4302956247
3790265886
4272696988
4405188716
6641651781
5711000872
6313772358
7619584514
5698849528
6879759621
6690516297
9042821374
9042821374
6994000941
6484219108
6484219108
8805346752
6641651781
9905581678
10883514411
13169511575
7054195783
8974930769
16959777461
9489115414
13279381300
10480782183
11266697929
13894304130
18868361103
12012621886
14741670902
12692850469
18868361103
13174735405
13538414891
13538414891
18496840994
19658954513
18496840994
23443996569
15446998533
26300606294
16543311197
17534977966
18320893712
16029126552
27471771763
32933111983
36960887177
27024093380
25222453085
38738469692
48973509063
29547599852
24705472355
49653737646
30227828435
32833689918
26713150296
38760867976
62511923954
42471091913
33943839527
32981976499
40669451618
32981976499
45576726404
46256954987
52990013729
56698578170
40734598907
63443942047
87217396309
63443942047
54933300790
57687448854
63443942047
51418622651
77695486084
70282198759
84400599150
96995349055
67447749203
69184242209
84400599150
110677462583
129977325554
100429725702
96425918546
87915277289
85971990228
86311325311
111016797666
127045924218
98422047761
126706589135
135819221801
120602864860
137390612879
181395948205
178464546869
178125211786
120602864860
153419739431
153759074514
178464546869
163873667749
231321416952
222603981640
205003464010
186401715930
212678579363
206574855088
212678579363
308575971868
172283315539
394887297179
321026029401
219024912621
419448077162
301998813065
257993477739
351924281812
284476532609
325606328870
274022604291
299067411729
274022604291
437896272040
452826486243
386477649389
484899697150
591731392701
378858170627
625109801782
497889644409
670172959948
456759848148
384961894902
524207597351
657183012689
613912209800
743232509972
962257422593
695889749779
710819963982
953883227518
558499136900
969912354070
887934814091
730782452439
658984499193
969912354070
1332741398145
1109640623066
1074747920406
1341115593220
1488498793693
1266792984718
1651754879620
882851539311
1347219317495
841721743050
1459709815308
2012706391044
1825292121618
1441350676211
1269319100882
1999849813111
1289281589339
1847780726239
1827818237782
2210254016520
2118694314501
1546919313284
2147483292886
2658834312304
1951362366116
2283072419261
2330220536743
2283072419261
2131003332389
2669539980832
2111040843932
2972725075439
2854428134094
3124794162311
2952762586982
3117099827121
3388013415383
3552391520143
3117099827121
3400322433271
3572354008600
4689604022610
5099310833427
6646230146711
4216459294116
4205753625588
4664019140405
6640966388726
5339375781499
4062403210048
7210351677359
4242044176321
4242044176321
4965468978026
7076509821958
8757270990643
5827153209533
6406819654237
6505154107125
7158516212570
8456475608620
9763329973832
7333559121237
10275616039691
10476832255229
7788813302716
8304447386369
14539235465277
8726422350453
18601638675325
10703369598774
10469222864285
14531626074333
14338019249739
11272754887407
14711267040606
11318553998279
12546491562690
11470623085151
20358779283866
14283628818153
16303985464762
13740378775474
26863933390991
23462501677332
15122372423953
18606314008644
16059981471690
26395127311360
18258036167001
22500080343322
19623001384648
21272913913143
31226502693775
33931724541617
26773208329047
35085495345032
31631534171273
45204479429024
22743377972558
31677333282145
29924868006923
24017114647841
42697125778926
47672103317091
40513587104521
43665246782397
36240459118796
51986722599598
58787619206350
73909991630303
68046704071288
52300440590486
77045655373351
49484538860776
42366379357206
50849504078423
63639293270349
72227916833334
49516586301605
46760492620399
96653369602861
72259964274163
99789033345909
119396747575419
96245031481175
74866618726264
82804733854191
83000951739195
132485490599971
99879752389145
85724997979572
78606838476002
138611410838381
138611410838381
128091377336778
138611410838381
114594296190540
156960675547746
138611410838381
89126871977605
97609996698822
132485490599971
143413862223260
203721168168145
129565226474590
147126583000427
201825190748753
218280480949524
278587786894409
157867570465459
204431845200854
235567514023748
161607790215197
217218249314383
217218249314383
295825087790385
167733710453607
293558717178459
307407352927129
232540734200865
307407352927129
227738282815986
307407352927129
321667606178470
232540734200865
314828246013205
451232832653060
333997071675444
333997071675444
347845707424114
374864865816413
505713277889573
505713277889573
663580848355032
325601280919066
825188638570229
476436036228402
612840622868257
384951959767990
384951959767990
992922349023836
482561956466812
733451560705559
710300239282798
1052926921386215
840578905684243
678971115469046
715102690667677
558142015119931
547368980214070
1367755167399420
883743296038997
659598352594510
1318523629942902
700466146735479
1166180186603309
1040703971586743
985199633513576
1693356448318486
710553240687056
1377874308791826
1703475589710892
1225530865452233
1268695255806987
1653647215574977
1708092821919045
1648742143070121
1257922220901126
1262471670881747
2250844569924962
2255461802133115
2201016195789047
1105510995334001
2196111123284191
1713549166817379
2037472661386336
1978121982537412
2363073942305402
1411019387422535
2737938808121815
1936084106139289
2414028830397948
1695752874200632
2911569436476103
2406306114887688
2813603817253046
3360972797467116
2819060162151380
3041595101473290
4466483792801117
3301622118618192
2754253138404122
4466483792801117
3511817110221689
2516530382756536
3919114812587047
2801263869534633
3924571157485381
4224623204675581
3448492048808871
4148958195544350
4230079549573915
3347103493561824
4712641506040727
4102058989088320
3631836980339921
4102058989088320
5925832423774547
6038143095227609
6555264310432038
6435645195343583
5818152501374728
6441101540241917