0,21
0,26
0,34
0,4
0,53
0,6
0,80
0,86
0,99
10,46
10,8
11,16
1,12
11,27
11,54
11,93
12,17
13,23
13,43
13,47
13,79
13,84
1,43
15,3
15,36
15,61
15,66
15,74
16,28
16,52
16,9
1,75
17,51
17,80
17,98
1,81
18,87
19,15
1,92
19,32
19,64
20,31
20,34
20,42
21,35
21,47
22,23
22,56
22,75
23,70
24,1
24,15
24,31
24,39
24,4
25,10
25,35
25,40
25,51
25,63
25,79
25,84
25,91
2,63
26,64
26,85
27,20
27,65
28,21
28,34
28,4
28,46
28,66
28,99
29,15
29,26
29,30
29,87
30,0
30,39
30,60
30,83
3,10
31,55
31,7
31,92
31,94
32,71
32,99
33,12
33,42
34,43
34,99
35,62
35,87
36,3
36,35
36,43
37,20
37,66
38,28
38,47
38,55
39,13
39,77
39,94
40,62
40,87
41,1
41,10
41,69
41,83
42,52
42,82
43,81
44,37
44,43
44,80
45,17
4,57
45,77
45,92
45,99
46,58
46,87
46,93
47,24
47,51
47,72
47,94
48,2
48,23
4,86
48,67
48,77
48,82
49,22
49,41
50,21
50,63
51,20
51,31
51,45
5,18
52,25
52,4
52,46
53,12
53,59
53,69
53,87
53,95
54,54
54,64
55,19
55,40
55,47
55,78
56,0
56,33
56,7
57,4
58,87
58,91
58,96
59,23
59,55
5,98
59,8
59,84
60,15
60,28
60,33
60,83
60,9
61,4
61,50
61,68
61,96
6,2
62,38
62,45
63,59
63,80
6,39
63,92
63,96
64,79
6,50
65,1
65,59
65,74
66,58
66,8
66,86
6,70
67,25
67,50
6,79
67,92
68,33
68,41
68,43
68,54
68,91
69,53
69,63
70,16
70,52
70,69
70,92
71,11
72,80
73,36
73,9
73,99
74,1
74,47
74,57
74,74
74,88
75,95
76,27
76,67
76,84
76,87
77,1
77,15
77,85
77,99
78,22
78,32
7,87
78,70
78,84
78,92
79,52
79,55
7,96
79,83
80,58
81,4
81,75
82,11
82,29
82,41
82,89
83,17
8,33
84,39
84,51
84,70
85,26
85,34
8,58
85,82
85,98
86,61
87,11
8,72
87,24
88,0
88,55
8,86
88,84
89,11
89,29
89,36
89,44
89,52
89,75
89,83
90,20
90,35
90,37
90,47
90,6
90,65
90,90
91,34
91,40
91,70
93,14
93,24
93,33
93,48
93,50
93,60
9,39
93,96
94,3
94,49
95,11
95,4
9,55
95,68
9,60
9,66
96,62
96,85
98,0
98,37
98,44
9,85
98,54
98,99
99,19
99,29
99,61
99,69
99,77
99,9
99,92
