0,26
0,34
0,53
0,86
0,99
10,46
10,8
1,12
11,27
11,54
11,93
13,23
13,47
13,79
1,43
15,3
15,36
15,61
15,66
15,74
16,28
16,52
1,75
17,98
18,87
19,15
1,92
20,34
20,42
21,47
22,23
22,56
23,70
24,1
24,31
25,10
25,35
25,79
25,91
2,63
28,21
28,4
28,46
28,99
29,15
29,26
29,30
30,0
30,39
30,60
30,83
3,10
31,55
31,7
31,92
31,94
32,71
32,99
33,12
35,62
35,87
36,3
36,35
36,43
37,20
38,28
38,47
38,55
39,13
39,77
39,94
40,62
40,87
41,1
41,10
41,69
44,37
44,43
45,17
45,99
46,58
46,87
47,24
47,51
47,72
48,2
48,67
48,82
50,63
51,31
5,18
52,25
52,4
53,12
53,59
53,69
53,87
53,95
54,64
55,19
55,40
55,47
55,78
56,0
56,33
56,7
57,4
58,91
58,96
59,23
59,55
5,98
59,84
60,15
60,28
60,83
61,68
6,2
62,38
62,45
63,59
6,39
63,92
63,96
64,79
6,50
65,1
65,74
66,8
66,86
6,70
67,25
67,50
6,79
68,33
68,41
68,43
68,54
69,63
70,16
70,69
70,92
72,80
73,36
73,9
73,99
74,1
74,47
74,57
74,74
75,95
76,27
76,67
76,87
77,15
77,99
78,22
79,55
81,4
81,75
82,41
82,89
83,17
8,33
84,51
84,70
85,26
85,34
8,58
85,82
85,98
86,61
87,11
88,0
88,55
89,29
89,75
89,83
90,20
90,47
90,6
90,65
90,90
91,40
93,14
93,24
93,33
93,60
93,96
9,66
96,85
98,0
98,37
98,44
9,85
98,54
99,19
99,29
99,69
99,77
99,9
99,92
